origin:   3:0.25:11

1	1	1	1	1	1	1	1	1	1	1	1	1	1	1	1	1	1	0.999898872427567	0.998988724275674	0.990342316832685	0.959195024523436	0.884259493350862	0.763513171866309	0.609141932547909	0.444506244627598	0.304849067098144	0.196136926733074	0.117712494311574	0.0673003994539111	0.0368104363654751	0.0192648025484148	0.00970824695353188

16candidates:

1	1	1	1	1	1	1	1	1	1	1	1	1	1	1	1	1	1	0.999196428571429	0.980982142857143	0.874107142857143	0.539910714285714	0.165446428571429	0.0185714285714286	0.000267857142857143	8.92857142857143e-05	0	0	0	0	0	0	0




