2 2 2 2 2 2 2 2 2 2 2 2 2 2 2 2 2 2 2 2 2 2 2 2 2 2 2 2 2 2 2 2 2 2 2 2 2 2 2 2 2 2 2 2 2 2 2 2 2 2 2 2 2 2 2 2 2 2 2 2 2 2 2 2 2 2 2 2 2 2 2 2 2 2 2 2 2 2 2 2 2 2 2 2 2 2 2 2 2 2 2 2 2 2 2 2 2 2 2 2 2 2 2 2 2 2 2 2 2 2 2 2 2 2 2 2 2 2 2 2 2 2 2 2 2 2 2 2 2 2 2 2 2 2 2 2 2 2 2 2 2 2 2 2 2 2 2 2 2 2 2 2 2 2 2 2 2 2 2 2 2 2 2 2 2 2 2 2 2 2 2 2 2 2 2 2 2 2 2 2 2 2 2 2 2 2 2 2 2 2 2 2 2 2 2 2 2 2 2 2 2 2 2 2 2 2 2 2 2 2 2 2 2 2 2 2 2 2 2 2 2 2 2 2 2 2 2 2 2 2 2 2 2 2 2 2 2 2 2 2 2 2 2 2 2 2 2 2 2 2 2 2 2 2 2 2 2 2 2 2 2 2 2 2 2 2 2 2 2 2 2 2 2 2 2 2 2 2 2 2 2 2 2 2 2 2 2 2 2 2 2 2 2 2 2 2 2 2 2 2 2 2 2 2 2 2 2 2 2 2 2 2 2 2 2 2 2 2 2 2 2 2 2 2 2 2 2 2 2 2 2 2 2 2 2 2 2 2 2 2 2 2 2 2 2 2 2 2 2 2 2 2 2 2 2 2 2 2 2 2 2 2 2 2 2 2 2 2 2 2 2 2 2 2 2 2 2 2 2 2 2 2 2 2 2 2 2 2 2 2 2 2 2 2 2 2 2 2 2 2 2 2 2 2 2 2 2 2 2 2 2 2 2 2 2 2 2 2 2 2 2 2 2 2 2 2 2 2 2 2 2 2 2 2 2 2 2 2 2 2 2 2 2 2 2 2 2 2 2 2 2 2 2 2 2 2 2 2 2 2 2 2 2 2 2 2 2 2 2 2 2 2 2 2 2 2 2 2 2 2 2 2 2 2 2 2 2 2 2 2 2 2 2 2 2 2 2 2 2 2 2 2 2 2 2 2 2 2 2 2 2 2 2 2 2 2 2 2 2 2 2 2 2 2 2 2 2 2 2 2 2 2 2 2 2 2 2 2 2 2 2 2 2 2 2 2 2 2 2 2 2 2 2 2 2 2 2 2 2 2 2 2 2 2 2 2 2 2 2 2 2 2 2 2 2 2 2 2 2 2 2 2 2 2 2 2 2 2 2 2 2 2 2 2 2 2 2 2 2 2 2 2 2 2 2 2 2 2 2 2 2 2 2 2 2 2 2 2 2 2 2 2 2 2 2 2 2 2 2 2 2 2 2 2 2 2 2 2 2 2 2 2 2 2 2 2 2 2 2 2 2 2 2 2 2 2 2 2 2 2 2 2 2 2 2 2 2 2 2 2 2 2 2 2 2 2 2 2 2 2 2 2 2 2 2 2 2 2 2 2 2 2 2 2 2 2 2 2 2 2 2 2 2 2 2 2 2 2 2 2 2 2 2 2 2 2 2 2 2 2 2 2 2 2 2 2 2 2 2 2 2 2 2 2 2 2 2 2 2 2 2 2 2 2 2 2 2 2 2 2 2 2 2 2 2 2 2 2 2 2 2 2 2 2 2 2 2 2 2 2 2 2 2 2 2 2 2 2 2 2 2 2 2 2 2 2 2 2 2 2 2 2 2 2 2 2 2 2 2 2 2 2 2 2 2 2 2 2 2 2 2 2 2 2 2 2 2 2 2 2 2 2 2 2 2 2 2 2 2 2 2 2 2 2 2 2 2 2 11 11 11 11 11 11 11 11 11 11 11 11 11 11 11 11 11 11 11 12 12 12 12 12 12 12 12 12 12 12 12 12 12 12 12 12 12 12 12 12 12 12 12 12 12 12 12 12 12 12 12 12 12 12 12 12 12 12 12 12 12 12 12 12 12 12 12 12 12 12 12 12 12 12 12 12 12 12 12 12 12 12 12 12 12 12 12 12 12 12 12 12 12 12 12 12 12 12 12 12 12 12 12 12 12 12 12 12 12 12 12 12 12 12 12 12 12 12 12 12 12 12 12 12 12 12 12 12 12 12 12 12 12 12 12 12 12 12 12 12 12 12 12 12 12 12 12 12 12 12 12 12 12 12 12 12 12 12 12 12 12 12 12 12 12 12 12 12 12 12 
5 4 15 15 15 5 4 15 15 5 15 4 15 4 4 4 4 15 15 4 4 15 4 4 15 4 4 4 4 4 5 4 4 5 4 4 4 15 4 4 4 4 5 8 5 15 4 4 4 15 8 4 15 4 4 15 5 5 5 4 4 8 15 4 8 4 15 8 5 4 5 15 4 14 7 14 4 5 4 7 14 4 15 5 14 15 4 14 8 15 15 8 14 4 5 15 15 5 4 4 4 14 4 4 8 15 4 5 4 4 4 8 4 4 8 4 4 5 15 15 4 4 3 4 4 4 4 4 4 14 4 14 4 4 5 15 4 15 4 4 4 14 5 4 14 14 4 14 14 14 14 4 8 4 5 4 4 15 4 14 5 15 4 4 14 14 4 4 4 4 15 15 4 14 4 4 4 4 4 4 14 5 4 5 4 4 14 15 14 14 4 14 14 15 5 5 14 5 8 4 14 15 4 4 5 4 4 4 14 14 8 14 8 4 4 4 5 5 5 8 4 5 4 4 4 5 4 4 15 15 14 4 4 4 5 14 4 4 14 15 15 15 4 14 15 4 4 4 4 8 4 4 15 5 4 4 14 4 4 5 14 5 4 4 4 4 5 5 4 4 15 4 14 4 4 14 4 4 4 5 14 4 4 14 15 4 5 5 4 4 4 5 4 4 14 4 4 4 4 8 4 4 8 5 14 15 8 4 4 5 6 14 15 4 4 4 4 14 4 4 4 4 4 4 4 4 7 14 4 4 15 4 4 14 8 4 8 8 5 14 4 4 4 15 4 14 4 14 5 8 4 4 5 14 15 14 5 15 4 4 4 5 8 4 15 4 14 4 15 5 15 4 4 4 4 4 8 5 4 4 5 4 14 15 5 4 7 4 15 4 8 4 14 4 4 15 15 15 4 4 4 4 4 8 14 4 15 5 4 8 4 5 4 5 14 14 4 15 4 15 5 4 4 4 4 15 4 8 4 4 4 4 4 4 14 15 15 4 4 4 4 15 14 8 4 4 4 4 4 4 4 4 4 5 4 14 15 15 4 4 4 4 5 4 14 5 15 4 4 4 4 4 15 4 4 7 5 4 15 14 4 4 4 14 5 4 4 8 14 4 4 8 4 4 4 4 14 14 5 5 4 4 4 14 
3 4 
5 8 
9 11 
13 18 
19 22 
25 38 
46 50 
53 56 
63 67 
72 74 
76 81 
83 85 
86 88 
90 91 
93 96 
97 102 
106 119 
120 130 
132 136 
138 142 
145 146 
148 149 
150 151 
158 160 
162 165 
166 171 
172 174 
181 187 
188 189 
190 192 
193 194 
197 201 
202 209 
210 212 
229 230 
231 236 
239 240 
241 242 
244 245 
253 257 
261 271 
273 276 
281 284 
285 295 
305 306 
312 313 
318 328 
331 334 
340 344 
346 348 
354 355 
356 358 
365 367 
369 371 
383 384 
389 393 
396 397 
398 405 
407 415 
416 418 
420 426 
435 436 
437 442 
443 456 
457 458 
465 467 
473 479 
480 484 
489 497 
498 504 
3 5 
4 9 
8 13 
11 19 
18 25 
22 46 
38 53 
50 63 
56 72 
67 76 
74 83 
81 86 
85 90 
88 93 
91 97 
96 106 
102 120 
119 132 
130 138 
136 145 
142 148 
146 150 
149 158 
151 162 
160 166 
165 172 
171 181 
174 188 
187 190 
189 193 
192 197 
194 202 
201 210 
209 229 
212 231 
230 239 
236 241 
240 244 
242 253 
245 261 
257 273 
271 281 
276 285 
284 305 
295 312 
306 318 
313 331 
328 340 
334 346 
344 354 
348 356 
355 365 
358 369 
367 383 
371 389 
384 396 
393 398 
397 407 
405 416 
415 420 
418 435 
426 437 
436 443 
442 457 
456 465 
458 473 
467 480 
479 489 
484 498 
497 44 
504 51 
3 62 
4 65 
5 68 
8 75 
9 80 
11 89 
13 92 
18 105 
19 112 
22 115 
25 153 
38 199 
46 211 
50 213 
53 220 
56 250 
63 300 
67 303 
72 307 
74 327 
76 335 
81 337 
83 338 
85 350 
86 363 
88 377 
90 387 
91 391 
93 404 
96 410 
97 428 
102 444 
106 476 
119 488 
120 492 
130 1 
132 2 
136 6 
138 7 
142 10 
145 12 
146 14 
148 15 
149 16 
150 17 
151 20 
158 21 
160 23 
162 24 
165 26 
166 27 
171 28 
172 29 
174 30 
181 31 
187 32 
188 33 
189 34 
190 35 
192 36 
193 37 
194 39 
197 40 
201 41 
202 42 
209 43 
210 45 
212 47 
229 48 
230 49 
231 52 
236 54 
239 55 
240 57 
241 58 
242 59 
244 60 
245 61 
253 64 
257 66 
261 69 
271 70 
273 71 
276 73 
281 77 
284 78 
285 79 
295 82 
305 84 
306 87 
312 94 
313 95 
318 98 
328 99 
331 100 
334 101 
340 103 
344 104 
346 107 
348 108 
354 109 
355 110 
356 111 
358 113 
365 114 
367 116 
369 117 
371 118 
383 121 
384 122 
389 124 
393 125 
396 126 
397 127 
398 128 
405 129 
407 131 
415 133 
416 134 
418 135 
420 137 
426 139 
435 140 
436 141 
437 143 
442 144 
443 147 
456 152 
457 154 
458 155 
465 156 
467 157 
473 159 
479 161 
480 163 
484 164 
489 167 
497 168 
498 169 
504 170 
3 173 
4 175 
5 176 
8 177 
9 178 
11 179 
13 180 
18 182 
19 183 
22 184 
25 185 
38 186 
46 191 
50 195 
53 196 
56 198 
63 200 
67 203 
72 204 
74 205 
76 206 
81 207 
83 208 
85 214 
86 215 
88 216 
90 217 
91 218 
93 219 
96 221 
97 222 
102 223 
106 224 
119 225 
120 226 
130 227 
132 228 
136 232 
138 233 
142 234 
145 235 
146 237 
148 238 
149 243 
150 246 
151 247 
158 248 
160 249 
162 251 
165 252 
166 254 
171 255 
172 256 
174 258 
181 259 
187 260 
188 262 
189 263 
190 264 
192 265 
193 266 
194 267 
197 268 
201 269 
202 270 
209 272 
210 274 
212 275 
229 277 
230 278 
231 279 
236 280 
239 282 
240 283 
241 286 
242 287 
244 288 
245 289 
253 290 
257 291 
261 292 
271 293 
273 294 
276 296 
281 297 
284 298 
285 299 
295 301 
305 302 
306 304 
312 308 
313 309 
318 310 
328 311 
331 314 
334 315 
340 316 
344 317 
346 319 
348 320 
354 321 
355 322 
356 323 
358 324 
365 325 
367 326 
369 329 
371 330 
383 332 
384 333 
389 336 
393 339 
396 341 
397 342 
398 343 
405 345 
407 347 
415 349 
416 351 
418 352 
420 353 
426 357 
435 359 
436 360 
437 361 
442 362 
443 364 
456 366 
457 368 
458 370 
465 372 
467 373 
473 374 
479 375 
480 376 
484 378 
489 379 
497 380 
498 381 
504 382 
3 385 
4 386 
5 388 
8 390 
9 392 
11 394 
13 395 
18 399 
19 400 
22 401 
25 402 
38 403 
46 406 
50 408 
53 409 
56 411 
63 412 
67 413 
72 414 
74 417 
76 419 
81 421 
83 422 
85 423 
86 424 
88 425 
90 427 
91 429 
93 430 
96 431 
97 432 
102 433 
106 434 
119 438 
120 439 
130 440 
132 441 
136 445 
138 446 
142 447 
145 448 
146 449 
148 450 
149 451 
150 452 
151 453 
158 454 
160 455 
162 459 
165 460 
166 461 
171 462 
172 463 
174 464 
181 466 
187 468 
188 469 
189 470 
190 471 
192 472 
193 474 
194 475 
197 477 
201 478 
202 481 
209 482 
210 483 
212 485 
229 486 
230 487 
231 490 
236 491 
239 493 
240 494 
241 495 
242 496 
244 499 
245 500 
253 501 
257 502 
261 503 
271 123 
273 44 
276 410 
281 51 
284 387 
285 350 
295 37 
305 112 
306 35 
312 126 
313 23 
318 125 
328 20 
331 68 
334 157 
340 155 
344 153 
346 47 
348 335 
354 363 
355 55 
356 444 
358 139 
365 147 
367 1 
369 48 
371 488 
383 115 
384 12 
389 307 
393 58 
396 220 
397 69 
398 15 
405 300 
407 41 
415 135 
416 75 
418 30 
420 164 
426 89 
435 168 
436 28 
437 21 
442 338 
443 327 
456 80 
457 52 
458 42 
465 476 
467 24 
473 213 
479 492 
480 199 
484 64 
489 70 
497 14 
498 7 
504 337 
3 60 
4 428 
5 377 
8 270 
9 286 
11 34 
13 36 
18 2 
19 185 
22 404 
25 249 
38 380 
46 251 
50 57 
53 303 
56 39 
63 32 
67 65 
72 45 
74 17 
76 6 
81 29 
83 288 
85 105 
86 143 
88 274 
90 256 
91 128 
93 255 
96 233 
97 462 
102 250 
106 292 
119 154 
120 92 
130 33 
132 133 
136 59 
138 277 
142 246 
145 263 
146 62 
148 127 
149 66 
150 260 
151 113 
158 40 
160 26 
162 54 
165 49 
166 51 
171 287 
172 370 
174 264 
181 43 
187 82 
188 61 
189 163 
190 156 
192 282 
193 110 
194 349 
197 391 
201 103 
202 84 
209 122 
210 167 
212 116 
229 80 
230 44 
231 79 
236 180 
239 101 
240 137 
241 503 
242 322 
244 98 
245 111 
253 205 
257 211 
261 153 
271 300 
273 87 
276 357 
281 326 
284 232 
285 170 
295 118 
305 315 
306 220 
312 492 
313 327 
318 141 
328 169 
331 200 
334 124 
340 68 
344 73 
346 10 
348 140 
354 307 
355 161 
356 115 
358 105 
365 459 
367 176 
369 412 
371 463 
383 248 
384 215 
389 227 
393 404 
396 218 
397 177 
398 199 
405 144 
407 162 
415 100 
416 299 
418 109 
420 375 
426 196 
435 16 
436 195 
437 372 
442 278 
443 395 
456 78 
457 428 
458 238 
465 379 
467 214 
473 108 
479 337 
480 173 
484 268 
489 310 
497 217 
498 183 
504 198 
3 330 
4 410 
5 211 
8 335 
9 107 
11 134 
13 296 
18 213 
19 417 
22 265 
25 483 
38 320 
46 445 
50 266 
53 377 
56 243 
63 279 
67 114 
72 298 
74 342 
76 208 
81 360 
83 226 
85 267 
86 71 
88 470 
90 68 
91 364 
93 182 
96 252 
97 363 
102 235 
106 250 
119 325 
120 302 
130 477 
132 99 
136 285 
138 408 
142 350 
145 269 
146 361 
148 112 
149 117 
150 207 
151 129 
158 499 
160 65 
165 204 
166 474 
171 353 
172 178 
174 291 
181 316 
187 451 
188 490 
189 487 
190 307 
192 496 
193 152 
194 502 
197 409 
201 80 
202 336 
209 258 
210 225 
212 376 
229 421 
230 339 
231 27 
236 387 
239 51 
240 333 
241 424 
242 324 
244 351 
245 294 
253 224 
257 275 
261 481 
271 319 
273 31 
276 121 
281 94 
284 323 
295 402 
305 385 
306 455 
312 392 
313 221 
318 222 
328 475 
331 289 
334 290 
340 439 
344 237 
346 448 
348 431 
354 454 
355 400 
356 468 
358 95 
365 304 
367 362 
369 216 
371 254 
383 414 
384 476 
389 341 
393 449 
396 378 
397 259 
398 308 
405 272 
407 368 
415 446 
416 250 
418 495 
420 262 
426 280 
435 175 
436 485 
437 311 
442 314 
443 381 
456 500 
457 184 
458 425 
465 450 
467 352 
473 471 
479 388 
480 206 
484 444 
489 464 
497 131 
498 491 
504 469 62 429 309 332 438 347 242 50 89 
3 293 482 460 321 440 443 356 493 228 219 
4 472 345 234 475 384 387 501 191 329 301 
5 343 434 461 190 338 447 486 203 179 359 
8 77 432 452 373 478 117 262 404 441 466 
9 411 159 104 247 136 484 422 430 283 33 
11 70 86 92 427 186 349 118 499 116 49 
13 290 318 413 406 474 144 277 414 187 480 
18 386 459 389 391 297 419 366 494 66 490 
19 258 340 303 94 137 224 168 24 448 97 
22 423 261 453 374 421 135 254 372 304 45 
25 246 172 382 223 100 288 311 110 31 229 
38 154 284 418 7 255 162 313 189 276 433 
46 454 492 17 47 174 171 358 76 220 44 
53 245 180 1 238 449 132 489 160 317 29 
56 90 368 43 140 55 138 456 488 153 390 
63 252 197 350 161 84 166 102 397 394 169 
67 470 361 241 130 295 149 401 204 431 41 
72 155 71 195 369 231 398 289 178 131 282 
74 75 379 315 91 88 115 403 98 485 463 280 
81 410 103 101 202 442 213 128 16 126 275 14 
83 281 348 396 210 134 450 125 491 496 237 133 
85 248 308 334 420 3 269 34 370 325 20 294 
93 502 21 439 35 504 405 208 157 217 409 244 
96 310 139 145 25 57 205 302 471 15 326 381 
106 206 79 194 151 399 226 364 196 408 58 40 
119 143 141 291 240 397 37 319 176 48 150 393 
120 122 457 436 77 156 455 107 322 299 183 193 
142 360 123 426 467 354 339 286 380 108 61 265 
146 87 355 75 105 292 175 64 316 487 473 148 
158 222 78 338 266 333 374 392 216 498 416 331 
165 344 257 383 52 465 305 435 312 188 181 201 
192 6 147 418 432 198 267 376 278 425 227 271 
209 167 495 484 211 412 10 239 437 306 415 367 
212 235 138 26 164 351 388 458 273 328 365 356 
230 129 236 221 69 375 468 270 152 346 253 285 
371 263 479 428 413 407 158 271 305 327 377 444 
497 82 151 12 200 274 242 371 209 148 65 335 
4 199 250 452 264 170 424 417 212 437 312 245 
5 391 184 352 113 215 136 72 355 504 202 348 
8 476 483 279 124 95 503 362 405 9 458 407 
11 233 481 109 28 2 260 479 239 384 91 404 
13 62 30 39 342 273 436 96 261 97 80 307 
18 300 323 287 378 457 88 340 150 230 337 343 
19 488 314 232 173 27 426 83 257 489 472 182 
22 341 256 23 60 268 188 146 190 236 194 363 
38 434 272 259 395 365 149 50 346 384 159 336 
46 456 127 93 295 281 442 160 420 231 223 73 
53 494 32 214 253 328 192 415 120 112 410 330 
56 385 54 324 207 193 473 389 244 63 210 447 
67 357 99 218 465 240 85 202 92 111 191 464 
74 446 451 81 197 331 89 303 476 445 320 225 
76 298 185 498 344 393 285 458 403 234 500 477 
86 443 121 306 166 416 172 467 387 297 469 114 
90 36 59 367 106 354 189 396 398 478 382 353 
102 383 132 369 241 213 68 423 296 251 400 186 
119 462 497 165 480 281 42 345 461 243 485 421 
130 177 334 435 358 229 51 386 427 163 79 265 
142 201 276 318 504 293 399 402 17 116 254 122 
145 373 171 56 331 92 460 129 495 284 187 436 
162 174 426 5 394 401 249 107 290 181 50 145 
313 497 328 86 441 422 139 385 361 239 355 397 
3 367 76 300 453 474 465 229 295 148 479 276 
4 88 187 348 350 196 135 138 188 193 19 119 
8 489 194 419 429 433 482 222 71 246 431 81 
9 443 257 337 406 54 353 12 74 393 271 22 
11 356 146 398 366 198 266 462 305 209 149 53 
13 285 244 209 320 248 123 212 162 201 457 67 
18 498 420 363 199 147 346 407 165 130 63 136 
25 236 158 211 332 321 466 141 94 128 171 192 
38 97 306 231 291 324 230 85 181 106 190 120 
46 467 371 486 411 235 221 183 405 83 189 334 
72 435 415 150 228 301 78 310 174 313 142 102 
90 480 197 492 440 317 87 272 437 151 389 418 
91 210 369 253 219 104 360 154 31 365 160 96 
93 383 151 203 299 339 448 318 473 396 358 172 
132 416 335 153 323 308 341 259 354 442 240 273 
166 344 105 410 217 408 117 484 241 284 456 245 
242 312 430 390 493 179 267 98 161 155 304 108 
261 130 211 501 379 134 178 409 340 162 356 467 
3 303 247 125 455 502 380 278 43 251 57 490 
4 25 68 35 63 273 201 418 230 426 281 91 
5 245 115 227 100 224 49 82 313 436 18 149 
8 85 402 243 197 46 443 365 498 305 19 396 
9 67 112 309 40 471 491 55 489 383 150 371 
11 442 298 226 205 148 346 192 480 306 56 435 
13 355 220 329 392 364 425 210 231 344 415 172 
22 328 438 450 289 240 38 285 407 102 96 367 
50 229 250 237 503 137 214 190 90 239 457 257 
53 334 337 307 86 142 202 165 212 484 369 295 
72 479 114 268 397 437 242 132 93 181 189 81 
74 120 153 146 340 384 160 187 458 497 389 136 
76 97 283 140 61 70 119 253 420 318 145 194 
83 241 143 30 293 459 138 354 473 312 171 253 
88 62 492 286 99 288 131 393 276 106 166 405 
158 348 80 465 398 244 284 174 8 306 89 397 
188 167 127 124 381 6 499 331 261 358 504 497 
193 44 484 347 15 271 236 416 328 85 384 201 
456 428 359 280 48 349 45 405 81 38 473 145 
3 463 58 69 195 483 103 333 67 189 344 142 
4 338 36 204 244 197 132 171 488 239 346 340 
5 112 387 225 73 163 372 96 65 457 165 146 
9 51 292 126 152 255 258 190 327 102 46 391 
11 311 439 37 7 454 377 72 160 236 75 273 
13 51 319 314 312 356 416 91 93 76 371 22 
18 89 219 475 367 119 181 444 334 56 458 261 
19 242 326 354 63 465 162 331 318 231 393 149 
25 20 322 406 1 118 188 202 166 415 398 148 
50 75 370 376 120 435 348 276 86 489 437 456 
53 203 185 262 229 241 150 281 443 193 97 407 
74 21 357 177 400 375 365 418 106 209 295 174 
83 404 16 302 169 414 358 285 436 420 271 88 
90 377 33 14 187 192 212 313 230 240 498 172 
130 335 260 173 396 504 369 284 194 389 444 476 
136 39 121 466 138 305 210 442 426 245 151 300 
158 42 175 378 296 27 467 81 415 363 90 391 
257 373 34 113 480 479 498 86 65 105 220 102 
355 303 264 468 263 383 22 11 389 88 484 281 
3 336 180 252 499 240 231 44 213 151 467 74 
4 397 354 115 285 56 365 172 405 257 327 146 
5 477 109 199 92 350 497 97 416 488 473 9 
8 32 287 186 142 428 119 331 166 239 83 136 
13 247 359 84 426 504 393 479 340 165 313 85 
18 208 282 218 295 338 435 138 443 189 62 355 
19 64 157 201 202 130 171 50 96 371 480 458 
25 206 411 451 271 242 348 383 212 190 442 92 
38 216 493 386 210 187 465 194 72 46 261 209 
53 144 304 457 437 420 91 284 148 106 236 213 
63 101 238 356 396 188 158 436 150 276 253 44 
67 316 432 421 328 369 456 346 312 174 391 211 
76 352 77 407 245 334 398 384 197 273 88 242 
93 464 66 344 229 192 145 68 497 476 467 338 
120 374 318 132 367 418 305 337 387 80 115 303 
149 269 368 133 230 489 193 358 405 250 13 136 
160 10 267 244 241 181 355 307 199 300 318 371 
162 330 28 110 306 488 81 187 105 62 383 420 
3 484 153 404 220 75 331 150 398 38 312 350 
4 492 93 436 89 236 162 142 240 112 210 26 
5 226 86 410 384 22 358 305 244 119 189 231 
8 501 57 327 363 192 367 241 72 426 65 416 
9 325 396 165 328 76 209 442 377 166 50 433 
11 156 335 106 285 313 456 25 197 261 413 300 
18 496 454 428 397 253 90 201 489 148 74 228 
19 69 444 276 151 146 91 306 132 212 249 52 
46 233 424 176 273 284 473 149 181 229 202 271 
53 239 389 145 435 354 85 158 270 164 275 487 
56 470 24 393 188 120 369 281 245 441 347 321 
63 443 334 457 344 174 480 160 194 452 215 388 
67 256 2 415 83 504 193 418 356 96 153 294 
97 295 348 458 172 492 460 434 412 207 111 399 
102 315 6 346 465 437 138 309 104 184 343 60 
130 179 257 230 89 404 428 23 170 279 345 342 
171 71 365 407 190 68 446 494 182 417 430 274 
340 118 498 453 335 437 301 394 469 395 223 95 
479 200 467 51 96 119 362 398 332 422 403 445 
3 442 427 283 59 500 481 241 419 158 317 337 
4 307 351 390 447 401 232 306 313 478 449 277 
5 105 329 159 188 250 242 389 47 41 29 168 
8 303 234 438 213 271 63 171 382 297 440 245 
9 429 486 38 253 202 363 358 423 479 366 56 
11 457 172 369 410 191 44 482 407 350 426 62 
13 112 211 418 377 229 461 472 420 458 268 280 
18 108 331 72 120 396 285 91 357 235 349 488 
19 220 397 391 230 338 473 194 217 195 10 59 
22 344 92 106 65 83 162 370 43 412 31 310 
25 371 86 365 97 292 155 240 408 184 260 485 
46 199 444 436 98 138 384 198 385 84 222 58 
50 115 355 500 1 143 135 34 378 353 262 311 
53 136 161 414 95 381 288 477 218 463 254 339 
67 311 90 45 466 219 78 182 205 196 362 287 
177 527 853 946 1006 
178 569 880 987 
1 71 142 282 422 562 702 840 861 901 919 938 957 975 994 
1 72 143 283 423 563 703 841 877 902 920 939 958 976 995 
2 71 144 284 424 564 704 842 878 899 921 940 959 977 996 
179 582 871 935 989 
180 560 851 942 
2 73 145 285 425 565 705 843 879 903 922 934 960 978 997 
3 72 146 286 426 566 706 844 879 904 923 941 959 979 998 
181 660 872 973 1002 
3 74 147 287 427 567 707 845 880 905 924 942 956 980 999 
182 531 876 904 
4 73 148 288 428 568 708 846 881 906 925 943 961 972 1000 
183 559 859 951 
184 536 863 936 
185 684 859 950 
186 581 852 897 
4 75 149 289 429 569 709 847 882 907 921 944 962 981 1001 
5 74 150 290 430 570 710 848 883 902 922 945 963 982 1002 
187 515 861 946 
188 546 862 949 
5 76 151 291 431 571 711 849 884 904 926 943 956 977 1003 
189 513 884 990 
190 553 848 985 
6 75 152 292 432 572 712 850 863 908 920 946 964 980 1004 
191 609 873 976 
192 771 883 954 
193 545 880 974 
194 583 853 996 
195 541 881 932 
196 783 850 913 1003 
197 578 887 960 
198 597 844 951 
199 567 861 955 1006 
200 511 862 920 
201 568 893 939 
202 509 865 942 
6 77 153 293 433 573 713 851 885 909 926 937 965 975 998 
203 577 881 953 
204 608 864 923 
205 538 856 996 
206 551 895 954 
207 616 854 919 1003 
140 504 631 852 936 957 967 999 
208 580 849 937 1008 
7 76 154 294 434 574 714 852 886 910 922 941 965 983 1005 
209 520 852 996 
210 528 865 937 
211 611 845 921 
7 78 155 295 435 575 715 839 885 899 927 947 963 979 1006 
141 506 612 773 896 941 943 993 
212 550 870 982 
8 77 156 296 436 576 716 853 887 905 928 948 966 984 1007 
213 610 888 904 
214 523 854 923 
8 79 157 297 437 577 717 854 888 898 924 944 958 985 998 
215 575 863 919 978 
216 533 864 938 1005 
217 599 893 994 1002 
218 562 884 989 
219 618 867 931 
142 603 839 881 933 962 974 999 
9 78 158 298 438 578 718 855 888 907 920 945 967 986 997 
220 557 868 963 
143 579 749 876 940 955 978 1003 
221 605 847 970 
9 80 159 299 439 579 719 856 889 906 923 938 968 987 1008 
144 516 658 728 894 920 970 991 
222 535 874 938 982 
223 558 845 931 
224 726 857 903 991 
10 79 160 300 440 580 720 857 878 911 929 942 965 978 1001 
225 659 886 940 
10 81 161 301 441 581 721 858 890 904 930 949 957 981 
145 540 858 868 942 947 975 
11 80 162 302 442 582 722 852 891 901 931 943 969 979 
226 843 866 969 
227 689 869 911 1008 
228 632 864 896 
146 549 630 764 881 934 971 
11 82 163 303 443 583 723 859 890 903 929 937 954 974 
229 617 876 921 
12 81 164 304 444 584 724 860 883 910 932 950 960 987 1003 
230 626 855 961 1005 
12 83 165 305 445 585 725 861 889 909 922 936 961 984 
13 82 166 306 446 586 726 845 892 900 928 947 955 977 1004 
231 644 868 912 
13 84 167 307 447 587 727 858 882 902 933 950 956 969 
147 543 839 890 934 944 976 990 
14 83 168 308 448 588 728 854 893 912 927 951 954 981 1008 
14 85 169 309 449 589 729 858 880 913 920 943 966 982 1001 
148 596 845 889 898 959 964 1003 
15 84 170 310 450 590 730 862 886 914 929 943 970 976 
232 785 848 908 
233 803 879 992 1007 
15 86 171 311 451 591 731 863 881 913 926 940 963 987 993 
16 85 172 312 452 592 732 848 881 909 931 948 959 988 1004 
234 638 858 917 1005 
235 738 889 933 
236 679 850 921 
237 634 859 967 
16 87 173 313 453 593 733 855 894 911 926 941 955 989 
238 625 859 938 
239 844 913 989 
149 585 665 868 916 955 974 996 
17 86 174 314 454 594 734 864 893 909 933 949 966 980 1003 
240 706 866 899 
241 694 867 917 1001 
242 681 880 959 
243 622 850 974 
244 639 889 988 
150 510 744 887 923 940 976 1000 
245 607 878 955 
246 719 892 929 
151 530 664 858 921 958 971 1006 
247 629 845 897 
248 745 843 916 
249 649 845 946 992 
17 88 175 315 455 595 735 865 895 902 931 944 960 977 993 
18 87 176 316 456 596 736 866 887 909 930 947 971 985 1001 
250 784 892 953 
251 627 866 897 
503 867 906 
252 657 879 935 
253 514 860 919 
254 512 859 941 
255 604 886 935 
256 589 859 908 
257 747 874 898 
18 89 177 317 457 597 737 856 896 907 918 952 963 990 
258 837 857 933 
19 88 178 318 458 598 738 853 894 915 929 939 971 982 
259 598 860 972 
260 707 860 918 
261 539 849 902 1006 
19 90 179 319 459 599 739 844 878 907 930 953 960 972 1007 
262 635 848 927 
20 89 180 320 460 600 740 854 873 902 932 953 962 989 1005 
263 525 863 900 
264 661 854 931 
265 654 865 908 
20 91 181 321 461 601 741 867 897 911 928 938 960 976 
266 586 865 932 1006 
267 677 846 966 
21 90 182 322 462 602 742 863 898 899 931 937 970 984 
21 92 183 323 463 603 743 868 884 905 930 940 958 982 
268 526 871 907 
22 91 184 324 464 604 744 868 876 901 924 946 966 981 
22 93 185 325 465 605 745 856 885 905 921 945 972 983 
23 92 186 326 466 606 746 865 882 911 923 948 967 975 
23 94 187 327 467 607 747 864 876 912 914 953 957 982 
269 761 874 941 
152 519 642 854 915 930 975 987 
270 595 851 913 
271 518 857 917 1004 
272 620 866 980 
273 517 862 963 
24 93 188 328 468 608 748 869 875 908 934 954 967 984 994 
274 844 885 996 
24 95 189 329 469 609 749 853 886 913 930 942 973 986 
275 663 855 917 1007 
25 94 190 330 470 610 678 851 899 906 918 945 974 976 1003 
276 619 896 940 
277 542 873 984 
25 96 191 331 471 611 750 870 895 907 928 940 961 979 
26 95 192 332 472 612 751 855 892 916 933 946 960 979 
278 628 872 935 
279 544 848 996 
280 655 855 950 
281 648 877 990 
26 97 193 333 473 613 752 852 898 908 932 939 963 991 997 
27 96 194 334 474 614 753 850 892 914 925 951 958 988 999 
282 696 883 952 
27 98 195 335 475 615 754 852 899 911 934 949 968 986 
283 822 868 954 
284 667 865 983 
285 675 896 949 
286 753 857 918 
287 842 917 990 
288 633 853 957 
28 97 196 336 476 616 755 870 899 909 929 944 973 983 
289 730 883 991 1008 
290 700 866 910 
291 828 878 989 1004 
292 570 891 948 
293 845 894 960 
28 99 197 337 477 617 756 846 898 902 930 951 965 974 
29 98 198 338 478 618 757 870 884 902 935 946 967 985 996 
29 100 199 339 479 619 758 851 893 910 929 938 962 977 
30 99 200 340 480 620 759 842 884 909 927 941 964 991 
294 841 889 999 
30 101 201 341 481 621 760 871 887 908 924 951 970 978 
31 100 202 342 482 622 761 866 888 902 936 948 972 987 
31 102 203 343 483 623 762 864 884 903 931 952 965 986 1002 
295 685 857 938 1002 
296 683 864 902 1008 
32 101 204 344 484 624 763 855 890 912 922 939 969 980 
297 701 871 905 1005 
153 556 676 877 907 959 973 1005 
298 656 876 993 
32 103 205 345 485 625 764 870 897 906 920 936 963 981 
33 102 206 346 486 626 765 859 878 889 928 946 963 983 998 
299 842 914 948 
300 750 856 939 
301 640 863 924 1008 
302 834 864 964 
303 746 888 988 
304 722 862 962 
33 104 207 347 487 627 766 872 876 905 906 949 965 979 
34 103 208 348 488 628 767 860 888 913 925 953 965 976 
154 641 704 872 908 918 968 1000 
34 105 209 349 489 629 768 873 877 906 928 951 964 982 
155 554 709 859 894 957 966 997 
305 693 887 927 
306 671 878 986 
307 806 869 965 
308 699 862 916 1002 
309 674 889 962 1007 
310 840 913 944 1008 
156 534 651 852 925 955 975 1002 
311 791 874 910 
312 792 869 903 1005 
313 850 886 992 
314 779 848 921 
315 767 890 940 
316 724 864 924 977 
317 672 871 921 
318 840 911 981 
35 104 210 350 490 630 769 850 896 901 927 948 970 983 1000 
35 106 211 351 491 631 770 874 882 909 920 951 972 990 1002 
36 105 212 352 492 632 771 857 886 909 925 945 957 977 
319 647 883 995 
320 591 880 983 
321 841 891 997 
322 733 873 910 1001 
36 107 213 353 493 633 772 874 884 908 936 942 966 976 
323 797 860 927 
324 691 853 967 
37 106 214 354 494 634 773 872 880 900 927 939 960 984 
37 108 215 355 495 635 774 865 889 915 926 951 957 976 1004 
38 107 216 356 496 636 775 856 894 916 932 948 973 978 994 
38 109 217 357 497 637 776 839 876 917 929 945 964 969 996 
325 717 895 922 
39 108 218 358 498 638 777 862 888 906 934 939 973 977 
39 110 219 359 499 639 778 853 877 916 921 953 969 985 997 
326 601 850 903 
327 844 919 961 
328 670 861 906 
329 572 899 982 
157 593 734 818 877 927 972 996 
330 574 894 919 
331 731 855 957 
40 109 220 360 500 640 779 874 887 913 931 932 967 981 998 
332 807 849 897 1007 
333 590 851 941 
334 588 884 987 
40 111 221 361 501 641 780 870 883 904 927 955 958 990 
335 766 848 941 
336 813 885 915 
337 606 880 952 1004 
41 110 222 362 502 642 781 849 881 918 935 944 965 980 
338 820 843 948 1006 
339 602 875 956 
340 615 877 956 
341 711 867 896 
342 715 869 905 
343 725 871 917 973 
344 697 884 929 1000 
345 742 861 972 
346 565 874 984 
41 112 223 363 503 643 782 871 875 904 936 950 964 983 997 
347 815 885 912 
42 111 224 364 504 644 783 873 881 915 920 942 969 983 
348 587 876 991 
349 780 859 984 
42 113 225 365 505 645 784 851 897 901 933 947 967 982 
350 600 846 995 
351 687 871 919 
352 718 879 990 
353 821 858 937 1000 
43 112 226 366 506 646 785 860 886 895 920 948 956 985 
354 621 857 962 
355 844 931 994 
43 114 227 367 507 647 786 851 898 916 934 952 966 983 
44 113 228 368 508 648 739 874 891 906 926 950 958 980 1001 
356 566 867 933 
357 613 882 960 1008 
358 584 850 933 1007 
359 794 857 926 
360 795 846 899 
361 754 865 909 
362 594 868 941 1004 
363 840 897 932 
364 778 861 987 
44 115 229 369 509 649 787 856 886 901 928 949 962 988 
365 708 894 954 
366 847 892 997 
367 720 891 924 
368 680 866 914 
158 537 643 882 901 953 973 980 
369 841 911 992 
370 736 863 950 
159 576 848 890 919 956 971 997 
371 804 849 917 966 
45 114 230 370 510 650 788 870 875 905 922 953 971 977 
45 116 231 371 511 651 789 872 892 909 924 934 974 982 995 
160 532 662 759 881 928 973 995 
372 814 861 915 
373 839 923 989 
374 698 863 911 1003 
375 824 850 942 1006 1008 
46 115 232 372 512 652 790 870 877 917 932 943 968 975 
46 117 233 373 513 653 791 851 900 911 921 951 961 980 995 
376 825 883 943 
377 650 858 989 
378 755 868 968 
379 853 912 994 
47 116 234 374 514 654 792 846 897 914 931 945 971 973 
380 782 865 943 
381 713 890 906 
382 840 908 985 
383 637 866 946 
384 786 882 915 
385 776 888 909 
386 735 861 979 
387 646 863 945 
161 548 653 875 941 958 978 
47 118 235 375 515 655 793 873 887 900 926 936 968 979 
388 841 925 996 
389 702 887 974 
48 117 236 376 516 656 794 869 890 898 935 945 960 975 1001 
390 839 908 993 
391 774 869 938 
48 119 237 377 517 657 795 861 896 910 928 944 969 986 
162 521 705 876 915 952 980 992 
392 765 885 957 
163 561 695 882 904 928 971 994 
164 547 842 869 939 962 970 1002 
393 770 867 914 1007 
49 118 238 378 518 658 796 848 882 918 930 939 961 992 
394 810 884 915 
395 721 881 990 
396 842 882 989 
49 120 239 379 519 659 797 870 891 916 925 938 970 986 1003 
397 841 895 990 
50 119 240 380 520 660 798 874 885 907 924 939 968 989 
398 839 936 985 
50 121 241 381 521 661 799 860 878 902 934 947 964 988 
399 623 845 937 1001 
165 508 741 855 902 959 975 999 
400 777 873 995 
401 831 878 969 
402 752 893 904 1006 
51 120 242 382 522 662 800 867 893 915 932 945 958 984 
51 122 243 383 523 663 801 868 878 900 925 956 962 973 1006 
52 121 244 384 524 664 802 840 873 905 918 943 967 987 
403 645 889 949 1001 
52 123 245 385 525 665 803 852 896 914 935 950 972 977 998 
404 842 937 961 
405 723 867 913 
406 743 856 900 
407 805 879 993 1008 
166 522 732 884 907 954 978 998 
408 729 864 925 
53 122 246 386 526 666 804 873 885 913 922 949 958 991 1004 
409 847 905 998 
53 124 247 387 527 667 805 872 893 901 926 944 971 978 
410 816 854 972 
54 123 248 388 528 668 806 857 894 913 928 952 968 985 999 
411 614 861 947 1003 
54 125 249 389 529 669 807 875 876 910 923 943 963 973 1004 
412 686 849 940 
413 843 898 955 
414 849 869 971 
415 682 874 949 
416 768 871 947 
167 564 716 875 942 951 979 1000 
417 812 882 954 1006 
418 692 858 918 
419 573 867 919 
420 826 863 935 1007 
421 850 893 997 
55 124 250 390 530 670 808 870 894 914 923 956 964 974 
55 126 251 391 531 671 809 841 880 885 930 936 969 977 1005 
422 788 888 900 1005 
423 847 896 965 
168 507 772 841 892 940 971 
424 833 873 986 
56 125 252 392 532 672 810 847 888 912 930 952 956 984 996 
425 854 917 995 
169 624 847 878 941 954 968 1002 
426 790 869 925 
56 127 253 393 533 673 811 865 891 904 933 945 961 985 
427 855 899 992 
428 688 885 992 
57 126 254 394 534 674 812 860 893 914 922 952 967 979 1001 
57 128 255 395 535 675 813 855 865 900 929 934 958 981 1002 
58 127 256 396 536 676 814 857 893 905 934 946 969 975 993 
429 864 897 988 
430 801 894 949 
431 856 899 995 
432 787 897 922 
433 858 891 993 
170 571 673 843 880 950 975 990 
58 129 257 397 537 677 815 862 879 910 933 937 958 972 
434 846 904 946 
59 128 258 398 538 678 816 875 879 907 926 948 969 991 999 
435 740 864 916 1004 
436 763 862 918 
171 505 703 859 887 916 977 999 
437 844 910 964 
438 668 872 988 1003 
439 846 875 980 
440 808 846 950 1007 
59 130 259 399 539 679 817 872 887 911 925 946 954 987 
60 129 260 400 540 680 818 869 892 915 936 943 959 978 
441 710 877 991 
60 131 261 401 541 681 819 851 871 912 920 949 971 987 1000 
442 847 903 994 
61 130 262 402 542 682 820 861 886 907 931 950 966 974 1000 
443 769 849 895 968 
444 844 900 993 
445 849 894 998 
446 775 877 983 
447 829 871 925 
61 132 263 403 543 683 821 867 883 899 920 953 961 978 999 
448 845 896 994 
172 563 690 875 937 960 981 990 
449 839 903 998 
450 844 917 991 
451 799 856 903 
452 843 871 968 
453 851 903 979 
454 842 885 988 
62 131 264 404 544 684 822 870 896 911 924 947 962 984 
62 133 265 405 545 685 823 866 881 898 921 950 967 976 1005 
63 132 266 406 546 686 824 872 877 912 929 947 966 989 992 
455 839 926 997 
456 796 862 942 
457 840 912 997 
458 843 900 985 
63 134 267 407 547 687 825 859 886 915 924 953 964 979 994 
64 133 268 408 548 688 826 840 892 904 922 948 962 986 
173 524 835 875 944 952 982 1005 
459 714 890 993 
460 817 890 991 
461 842 888 995 
462 798 848 914 
463 811 853 995 
464 830 860 926 
465 756 890 964 
466 843 877 986 
467 849 901 992 
468 800 852 942 981 
469 789 866 919 
64 135 269 409 549 689 827 854 886 916 937 947 968 980 
65 134 270 410 550 690 828 866 882 906 927 940 966 986 999 
65 136 271 411 551 691 829 873 879 891 930 944 963 988 1000 
470 666 847 932 
471 840 898 988 
472 842 895 1000 
473 592 895 905 
474 669 858 938 1007 
475 836 889 970 
66 135 272 412 552 692 830 870 889 901 934 945 965 989 
476 843 908 953 1008 
66 137 273 413 553 693 831 867 892 910 918 954 957 970 993 
477 802 874 956 
478 839 892 992 
479 727 856 985 
480 832 863 923 
481 841 883 1000 
67 136 274 414 554 694 832 868 888 914 932 937 959 983 1002 
482 751 846 901 
483 793 841 944 
174 552 809 879 890 952 970 
484 737 891 959 1007 
485 843 893 995 
67 138 275 415 555 695 833 875 880 901 929 955 961 993 998 
68 137 276 416 556 696 834 846 895 912 924 955 963 986 
486 781 880 994 
487 840 903 999 
488 712 879 938 
68 139 277 417 557 697 835 844 872 916 928 936 956 975 
489 823 858 895 1004 
490 842 910 998 
491 758 868 984 
175 529 854 883 939 959 974 1001 
69 138 278 418 558 698 836 853 883 903 923 947 972 981 
492 757 847 919 
493 838 860 923 
176 555 652 852 912 933 976 988 
494 840 917 965 
495 847 887 991 
496 819 872 898 
497 760 860 981 
69 140 279 419 559 699 837 876 895 900 930 935 959 970 
70 139 280 420 560 700 838 869 891 907 922 951 955 992 
498 748 845 935 957 
499 827 891 994 1006 
500 841 918 978 
501 762 862 919 
502 636 879 927 
70 141 281 421 561 701 839 862 878 897 935 952 961 987 
